-0.81735502558961
-0.91684197019973
-0.94354081568483
-0.96097950192343
-0.97522682207775
-0.98689330115675
-0.99598661022629
-1.0025151570089
-1.0064409113333
-1.0078030797788
-1.0065468728194
-1.0026715073308
-0.99626425004172
-0.98726211047111
-0.97571690980978
-0.96165350624715
-0.94510158648039
-0.92610039837193
-0.90472488317718
-0.88104004831182
-0.85509630950095
-0.82688406121601
-0.79649768803403
-0.76405643926586
-0.7296253801021
-0.69326850967463
-0.65501792907883
-0.61504434738193
-0.57334305247852
-0.530092752212
-0.48538157912889
-0.43920943481672
-0.39170536646696
-0.34299626281258
-0.29317101026483
-0.24228704057242
-0.19039540715449
-0.13762358855755
-0.083984635356809
-0.029638452550785
0.025157494542293
0.079782286513021
0.13287516187467
0.18136055930606
0.22017684990968
0.24636259739066
0.26723741539111
0.2953041098008
0.33370941609365
0.37820903152771
0.42480611142312
0.47132595299453
0.51682868873804
0.56086111822157
0.60319945998849
0.64372699592611
0.68239329682444
0.71911370413573
0.75380764912982
0.78639121596598
0.81688317856568
0.84517344324803
0.87124456231643
0.89502296700152
0.91644483880695
0.93545086571739
0.95202656012927
0.9661803646084
0.97780579131024
0.98688849551394
0.99346675548421
0.997497933684
0.99896892822195
0.99787906443307
0.99423432903453
0.9880334719478
0.97934856327655
0.96812779717839
0.95445695436354
0.9383323278813
0.91977053165626
0.89885647978775
0.87563689928176
0.85018260455699
0.82247405425737
0.79265612067882
0.76084245905424
0.72698885907165
0.69124935826708
0.65365836119803
0.61435871894435
0.57634053750553
0.53486987106111
0.49193935016037
0.44705448096134
0.40024887770263
0.35130693867191
0.30002430346423
0.24607030343953
0.18893144593739
0.1275574531929
0.060727118561204
-0.012643500090411
-0.09379422281185
-0.18131694819419
-0.26615823114935
-0.33246780440753
-0.37808173491102
-0.41593506802647
-0.45415958631383
-0.49401283761587
-0.5344066838878
-0.57365250405281
-0.60976112576152
-0.64134433342841
-0.66909559524308
-0.69534491832233
-0.72140033781782
-0.74690773214636
-0.77117069861059
-0.79370751821354
-0.8142744577983
-0.83290753195793
-0.84993898241749
-0.86576811203543
-0.88051443729482
-0.89399304388969
-0.90599780324786
-0.91644832879471
-0.92535311326361
-0.93276940219282
-0.93877095977371
-0.94340096756118
-0.94663824003074
-0.94841951939651
-0.948695183529
-0.94745260033029
-0.94469870262073
-0.9404411766206
-0.93467998430791
-0.92740237361058
-0.91858345630085
-0.90819443560345
-0.89621178811694
-0.88261833192115
-0.86739709009709
-0.85052588171
-0.83197561954331
-0.81171021050796
-0.7896870061706
-0.76585746641895
-0.74016670922323
-0.71255091695808
-0.68293321509858
-0.65121933857271
-0.61729320559062
-0.58101132391075
-0.54219490122159
-0.50061854982785
-0.4559939262745
-0.40794589731799
-0.35597776292298
-0.29942023865498
-0.23735677536873
-0.16851918834931
-0.091169081680351
-0.0030912420351493
0.097720203419853
0.20976047565299
0.32009997825377
0.40607293400017
0.46471569311084
0.51251215410293
0.55939239199643
0.60702561055351
0.65418372378308
0.69870745862834
0.7379488379879
0.77014048628403
0.79646607141637
0.82009936063322
0.84263110420354
0.8635856881453
0.88214791174947
0.89777174496564
0.91020962416808
0.91958743598272
0.92641516507822
0.93125608059268
0.934286692698
0.93531924138513
0.93416939222489
0.93080969554293
0.92531563018778
0.91782073301485
0.90847629949734
0.89739150418552
0.88459574584331
0.87007259664963
0.85382676921644
0.83590548057607
0.81637517727916
0.7953010414333
0.77273789117014
0.74872437562389
0.72328401651774
0.69643481960113
0.66819866280675
0.63860071753239
0.60766150837541
0.57539047601568
0.54178313876744
0.50681913529963
0.47046008100454
0.43264653589581
0.39329208796188
0.35227284124464
0.30941195653742
0.26445871413721
0.21705933539516
0.16671518011675
0.11272612302213
0.054131819061525
-0.010268828885583
-0.081477893584755
-0.15835735191507
-0.23305762067487
-0.29164096045513
-0.33192560871065
-0.36521674576315
-0.39877541783461
-0.43378517256657
-0.46929783362041
-0.50381980483071
-0.53560983597683
-0.56342792132421
-0.5878538208266
-0.61092971401504
-0.63383107572845
-0.65626175850824
-0.67760772274329
-0.69744014649589
-0.71554187171142
-0.73194128240305
-0.74692725178193
-0.76085248021263
-0.77382686625699
-0.78569032288841
-0.79626022995789
-0.80546409253079
-0.81330856531145
-0.81984370979299
-0.82513444656495
-0.82921940999395
-0.83208081543425
-0.83366323035533
-0.83392256064795
-0.83284725191648
-0.83044330653918
-0.82671757390588
-0.82167016499465
-0.81529003564182
-0.8075554202523
-0.79844098154345
-0.78792593559709
-0.77599512341664
-0.76263366228754
-0.74782214005848
-0.73153507330754
-0.71374081238846
-0.69440193580957
-0.67347583720011
-0.65091435133464
-0.6266615015139
-0.60064988610328
-0.57279686467355
-0.54300067097529
-0.51113551610432
-0.4770446858645
-0.44053065820002
-0.4013407905696
-0.35914646958237
-0.31351268819065
-0.26385341838677
-0.20936627318755
-0.14894108760457
-0.081055523093527
-0.0037662528525687
0.084702651912176
0.18310415912677

