-0.89086003204467
-0.91262349416517
-0.93199859285511
-0.94894498961688
-0.96340411469076
-0.97540131944084
-0.98482346154962
-0.99174426342754
-0.99610575080286
-0.9979623787568
-0.99722418970357
-0.99392773236705
-0.98812135486225
-0.97970729895529
-0.96883946209236
-0.95542880795814
-0.93958481467969
-0.92132417460414
-0.90069803783422
-0.87776970950114
-0.85261569051949
-0.82521445833317
-0.79569001659226
-0.76409919257056
-0.73048839751405
-0.69498149551658
-0.65758642524772
-0.61852272457653
-0.57769051794484
-0.53536661708513
-0.49150259177864
-0.44621661936651
-0.39965277852579
-0.35182522319447
-0.30288122339375
-0.25286617779413
-0.20184016516343
-0.14992353069339
-0.097076723159623
-0.043434825048382
0.010879217102999
0.065396110402387
0.11909864615833
0.16937051936139
0.21154591313551
0.24198651266885
0.26638361956673
0.29662308238456
0.33629309144358
0.38160254224182
0.42881160812631
0.47579215650534
0.52165619103471
0.56595515591924
0.60848697671588
0.64915087653119
0.68790135945798
0.7246481159759
0.75933794699769
0.79189315466346
0.82232933701642
0.85049635457842
0.87644981773393
0.90005744587624
0.92131449256129
0.9401496206678
0.95651454114292
0.97042210519369
0.98176067516143
0.99059480746744
0.99688608418877
1.0006043041933
1.0017720292036
1.00035947259
0.99638320969804
0.98984710130205
0.98080950135404
0.96919076221653
0.95518328655067
0.93866219815546
0.91973541064001
0.89845717174681
0.87482367587857
0.84897719534694
0.82085847735469
0.79067831175884
0.75845070284757
0.72418717905595
0.68810059177998
0.65010048975496
0.6104475754384
0.56757721237324
0.52256271539655
0.47529063141469
0.4251572082208
0.3717419082606
0.31477482656086
0.25355911204259
0.18731560809744
0.11489761186504
0.034779738658191
-0.05453082398285
-0.15311109103325
-0.25526388697064
-0.34511365008945
-0.4105837618249
-0.46138276761332
-0.50980210129451
-0.55661448924363
-0.59787893715153
-0.63189256054823
-0.66044917624228
-0.68667847823849
-0.71129493682784
-0.73273694201989
-0.75033078600531
-0.76498715191239
-0.77757853477864
-0.78815857316044
-0.79636114997364
-0.8020409743088
-0.80548263465348
-0.8070121313784
-0.8066573065623
-0.80430813772555
-0.79997558238622
-0.79378933702186
-0.78586397770769
-0.77623302737785
-0.76489158919456
-0.75186836969951
-0.73723082941568
-0.7210369743316
-0.70331410873813
-0.68407930117005
-0.66335909771501
-0.64118664515909
-0.61758773286378
-0.59257414944305
-0.56614860275828
-0.53830981028281
-0.50904920732768
-0.47834364780997
-0.44615061865117
-0.41240548566824
-0.37701650096344
-0.33985493516746
-0.30074034538778
-0.25942100076245
-0.21554676731155
-0.1686297547695
-0.11799026568477
-0.062698726031655
-0.0015798421153048
0.066441745078737
0.14075707527944
0.21507587044284
0.27671188135909
0.32194772266041
0.36091196700804
0.39952339094115
0.43598868261431
0.46783734368738
0.49519182622417
0.51986976106494
0.54327809802364
0.56505922834641
0.58439489438425
0.60140477694731
0.61668315947234
0.63046758516485
0.64264645735475
0.65309175689601
0.66184942861429
0.66907177237666
0.67483731762477
0.67912274384392
0.68191073459983
0.68323573362562
0.68314574291948
0.68166794167779
0.67881012129504
0.67458045358005
0.66899825898767
0.66208598355314
0.65385946981046
0.64432924347071
0.63350581825027
0.62140092683096
0.60802530958873
0.59338661615891
0.57748922311081
0.56033495958385
0.54192285375352
0.52224778972848
0.50129910813459
0.4790594341078
0.45550325717173
0.43059481742149
0.40428512013507
0.37650798967402
0.34717484525312
0.31616750402346
0.28332801041251
0.24844413566068
0.21122860832779
0.1712895175359
0.12808976282231
0.080899283769203
0.028772110478116
-0.029307544081801
-0.093597829477008
-0.1609503122246
-0.22151672241689
-0.26622169146122
-0.30017100339138
-0.33205645437899
-0.36309218364917
-0.3907290537497
-0.41359770101714
-0.4326661313317
-0.45002444084057
-0.46637499441372
-0.48075057923967
-0.4925792127237
-0.50239302484561
-0.51081237955837
-0.5179253599312
-0.5234991721212
-0.52740832882977
-0.52981726919556
-0.53095334659027
-0.53085578980848
-0.52945165221635
-0.52673663180101
-0.5227918190104
-0.51769709136498
-0.51147988364021
-0.50413710343774
-0.49568409510873
-0.48616388161151
-0.47561658094855
-0.46406195252358
-0.45151110033918
-0.43798066826028
-0.42349242586003
-0.40806422089486
-0.39170473140583
-0.37441614224716
-0.35619789489977
-0.33704509471097
-0.3169437282394
-0.29586726884366
-0.27377484910774
-0.25060825091195
-0.22628577611565
-0.20069287413212
-0.17366964915372
-0.14499368824452
-0.11435516214476
-0.08132221749786
-0.04530206157098
-0.0055345862181949
0.038722167818437
0.087282559395229
0.13655030775689
0.17832901105222
0.20899052340847
0.23476401975568
0.26019976030207
0.28444582551741
0.30575153917058
0.32401868887642
0.34038214279398
0.35586647939525
0.37034433616526
0.38324677714591
0.39458282113522
0.404744031427
0.41392011482627
0.42205171264307
0.42904698584976
0.43492319907862
0.43977911144339
0.44367504940722
0.44659978866129
0.44853870240921
0.44951155400597
0.44955045392656
0.44867507464371

