-0.70559066503298
-0.88102727145412
-0.93280009985656
-0.95611077168034
-0.97141397021596
-0.98306474683613
-0.99191377805518
-0.9982019570741
-1.0018990902921
-1.0030605844956
-1.0016348084017
-0.9976746315263
-0.99122036536258
-0.98218500058506
-0.97067675481675
-0.95667064296756
-0.94023013867514
-0.9213709825838
-0.90016853002526
-0.87668904774495
-0.8509838946943
-0.82306680655414
-0.79307194174981
-0.76105444309517
-0.72706674827703
-0.6912088494226
-0.65352512633728
-0.61418776150386
-0.57315623275824
-0.53068100442646
-0.48677973924249
-0.44153318747093
-0.39507968210388
-0.34750615858626
-0.29894037525683
-0.24946469544128
-0.19918882772398
-0.14826812552556
-0.096739552169142
-0.044837206226744
0.0072273683752711
0.059013845911543
0.10969458189661
0.15743998270893
0.19926406474331
0.23296376668735
0.2628075524852
0.29804107850062
0.34138362234831
0.38911287970168
0.43774053881105
0.48544344495367
0.53156890026727
0.57582952384888
0.61814577520979
0.6584916636218
0.69684651975394
0.73314045913594
0.76735047658837
0.79942106812657
0.82935995040404
0.85702390128419
0.88245653444135
0.90556243111027
0.92630916818332
0.94462846608403
0.96050999498464
0.97395046881576
0.9848333207848
0.99319282544538
0.9990224982423
1.0022783851549
1.0029851451083
1.001142640289
0.99675754021966
0.98981829584286
0.98039082523757
0.9684312417811
0.9540626437756
0.93721642198448
0.91798530024392
0.89643261689634
0.87257636924082
0.84650796643033
0.81820676194558
0.78785918391292
0.7554980244527
0.72112896456194
0.68496725522041
0.64698735882512
0.60736598974313
0.56243068380665
0.51649994394676
0.46947669372623
0.42029906543087
0.36843709530397
0.31400488691281
0.2570389317587
0.19747025556402
0.13490297535233
0.069596022208187
0.0018156816948054
-0.069021151073084
-0.14194919857907
-0.21296906326756
-0.27528656627872
-0.32483426260538
-0.36732097348695
-0.41137906314756
-0.45898301135473
-0.50698558749846
-0.55188410939861
-0.59208001877366
-0.62799083895675
-0.66141560544037
-0.69463776218824
-0.72854681398565
-0.7614989135318
-0.79122775573688
-0.81722129752495
-0.84060337939199
-0.86259969982069
-0.88360534889175
-0.90324740068569
-0.92079621875564
-0.93558800281368
-0.94751205186388
-0.95713269049127
-0.96508635089426
-0.97143342384355
-0.97571908385351
-0.97750034146212
-0.97667715694917
-0.97343239979826
-0.96802360617447
-0.96061169782563
-0.95115325215773
-0.93943220265269
-0.92526062600273
-0.90865357608797
-0.88978504620107
-0.86880433699223
-0.84572743443797
-0.82047458760462
-0.7929631424829
-0.76316987878109
-0.73114578917307
-0.69698204993231
-0.66074136671022
-0.62241275708934
-0.5819362653297
-0.53926583994238
-0.49440007682983
-0.44735845269992
-0.39813847550691
-0.3466899100245
-0.29291264558398
-0.23667045574298
-0.17781036446004
-0.11617622644562
-0.051625244196334
0.015886637345601
0.085989300142197
0.15706493136215
0.22483364334303
0.28268280915226
0.32858907300924
0.36996004751409
0.41407607256405
0.46114580020209
0.50753830389379
0.55024131095297
0.58836822476088
0.62273566440716
0.65523396061539
0.6879079550875
0.72103191913442
0.75260570974752
0.78070405201377
0.80533899579385
0.82779126149406
0.84908108619629
0.86934135099169
0.88808013603655
0.90458668271348
0.9183213132647
0.92935039422573
0.93830622539596
0.94570563232753
0.95144636177983
0.95503535978311
0.95611510277392
0.95468176506898
0.95095100006313
0.94515586509675
0.93740494986455
0.92760594838072
0.91553718662634
0.90105684525799
0.88423086869484
0.8652397577362
0.84419892459317
0.82109100102583
0.79582971836257
0.76834769581661
0.73864237675991
0.70677733609773
0.67283957089745
0.63687356547855
0.59885216108732
0.55871511473105
0.51642834429551
0.47199962368421
0.42544582309133
0.37675319793937
0.32585931471117
0.27265608036547
0.21700494989685
0.15875459966324
0.097752742253223
0.033870867204651
-0.032874250870418
-0.101913519639
-0.17113573996528
-0.23554967708584
-0.28893176708668
-0.3317815942415
-0.37251669590533
-0.41663059789394
-0.46286914489306
-0.5075231195839
-0.54814850570661
-0.58437306023185
-0.61731352389765
-0.64898695041988
-0.68113875638033
-0.71338457612451
-0.74351212183377
-0.77005059555494
-0.79346820450712
-0.81507615460955
-0.83566177431016
-0.85515782745191
-0.8729946392966
-0.88847881951719
-0.90120024598477
-0.91140051911143
-0.91974356970945
-0.92659944927991
-0.93172454400009
-0.9346265899472
-0.93504174546608
-0.93304107541553
-0.92885650973712
-0.92269600406961
-0.91461865854856
-0.90448764907908
-0.89208529744689
-0.87732137751762
-0.86030511520028
-0.84121156451707
-0.82012024958632
-0.79698809152734
-0.77172849327831
-0.74428934868333
-0.7146862696568
-0.68299292035839
-0.64928959806051
-0.61360187379076
-0.57588921172229
-0.53609462454796
-0.49419615957545
-0.45020780816249
-0.40414147708771
-0.35597224711901
-0.30562672326132
-0.25298985572702
-0.19792145272953
-0.14027234991255
-0.079895543719241
-0.016683467612776
0.049264415372083
0.11712630259159
0.18421962172729
0.24494383134248
0.29404361352806
0.33456531969423
0.37503970000154
0.41902153627006
0.46418562812081

