-0.8971980394858
-0.91867153371086
-0.93778504692588
-0.95448129724878
-0.96868168142776
-0.9803960432693
-0.98956851150365
-0.99624905620314
-1.0003676840148
-1.0019414504942
-1.0009383465552
-0.99740096674057
-0.99136754226232
-0.9827161236817
-0.97160370898908
-0.95801245293516
-0.9419433460779
-0.92347010128918
-0.90263515249408
-0.87952200876536
-0.8541748053048
-0.82660261167155
-0.79693783226503
-0.7652154481352
-0.73147970003867
-0.69588080449497
-0.65845242067366
-0.61932987859865
-0.57847096578349
-0.53613929138975
-0.49237439911914
-0.44718445911904
-0.40078114188685
-0.35318168191852
-0.30451059360333
-0.25489035917182
-0.20437530353697
-0.15310212570373
-0.10104734990391
-0.048430350361353
0.0045910455132179
0.057661021522955
0.10993222956615
0.15940130436484
0.20252710791028
0.23631275949383
0.26489968370196
0.29826452612324
0.33969103094988
0.38575793659663
0.43313108335762
0.47998547171839
0.52555952668951
0.56950942888304
0.61168544570304
0.65202614902817
0.69045582241629
0.72688346534743
0.7612958211649
0.79362032226817
0.8238292978318
0.85177254220956
0.87752497877561
0.90099554347006
0.92209640157462
0.94078861918208
0.95704288024453
0.97086268440302
0.98213407657898
0.99089901956868
0.99715144965706
1.000800551028
1.0019305677011
1.0005223989214
0.99654948911683
0.99001383955431
0.98099139404178
0.96943503999926
0.95547089570239
0.93902284973254
0.92015607333383
0.89898935625978
0.87547607087148
0.84973886271657
0.8217761087619
0.79174771140772
0.75969052093879
0.72557685718287
0.6897051726761
0.65197014684341
0.61252755739442
0.57245079507237
0.52953084003814
0.48452213315692
0.437998839391
0.38987962171491
0.33932419862973
0.28648212340817
0.23153886074907
0.17407475812285
0.11320117573478
0.048610491792498
-0.019461870536787
-0.09128344519036
-0.16568545059489
-0.23702098915783
-0.29648323053125
-0.34285571976622
-0.38504229083487
-0.42860609115023
-0.47172984895439
-0.51199950672057
-0.54973808307084
-0.58480576581983
-0.61585033645395
-0.64354517695361
-0.67053876956415
-0.6971860025304
-0.72126635902371
-0.7421583025916
-0.76126923813332
-0.77889904945447
-0.79406118565025
-0.80693062207326
-0.81856834850685
-0.82873220407594
-0.83634506329563
-0.84159359680768
-0.84544924756836
-0.84778502610516
-0.84785648666573
-0.84588304096164
-0.84251555424344
-0.83750370131814
-0.8302983072154
-0.82120810537731
-0.81077079452237
-0.79873293962505
-0.78467306962078
-0.76888291747959
-0.75175923635447
-0.73305798285491
-0.71249098921629
-0.6903527185425
-0.66693450000034
-0.64199490360429
-0.61532585802275
-0.58719775870007
-0.55781653290776
-0.52695149326567
-0.49444959140388
-0.46053786178174
-0.42533125207394
-0.38858317812646
-0.35014650949447
-0.31016593137623
-0.26863084848144
-0.22520997561467
-0.1796558786215
-0.13191289654502
-0.081714878988321
-0.028513544765449
0.028028340427246
0.087550132750517
0.14820088297038
0.20495241277618
0.25122916832991
0.28778927053468
0.32226367496976
0.35802034684294
0.39299288539731
0.42546275461567
0.45583730088605
0.48388273839768
0.50865065327224
0.53102122735943
0.55304325941047
0.57455150343081
0.59372369854228
0.61039913959536
0.62575471818484
0.63981695214538
0.65181368069556
0.66206101803457
0.67134501619084
0.67928808806842
0.68508913856589
0.68907682738906
0.69198154407642
0.69355310853637
0.69324295639963
0.69134573398204
0.6883267998343
0.68388580951301
0.67764570093129
0.66994423610098
0.66115147019305
0.65098560951522
0.63916726558649
0.62599727136714
0.61173838376703
0.59614063033354
0.57902809302928
0.56068267750524
0.54128490540921
0.52060300408064
0.4985208195784
0.47528674838442
0.45101762129549
0.42550193898149
0.39866098150074
0.37069567802943
0.34165332820077
0.31131714748114
0.27960534990075
0.24664083752143
0.21236981815319
0.17650753747585
0.13887841803904
0.099428526251045
0.057894038602734
0.013823745225246
-0.032983750266561
-0.082057167161342
-0.13143891413272
-0.17641735784255
-0.21223474796032
-0.24126630695092
-0.26965844441647
-0.29896607183986
-0.32717952637984
-0.3533326902238
-0.37783560945901
-0.40024880049726
-0.41996554057848
-0.43809000404073
-0.45610874082626
-0.473406238029
-0.48860197774813
-0.50194269306046
-0.51432355907639
-0.5255064332843
-0.53495966919793
-0.54314259650734
-0.5505654847191
-0.55672663523969
-0.56110416399915
-0.56414867474273
-0.56633919459873
-0.56732046553333
-0.56675208579997
-0.56499346131638
-0.56231766162283
-0.55838380263784
-0.55299061897251
-0.54649578922761
-0.53910010369855
-0.5305044835077
-0.52057502192463
-0.50961311227813
-0.49774593498316
-0.48472623146029
-0.47049250664675
-0.4553079979035
-0.43924284863226
-0.42208229732425
-0.40380288182213
-0.38462562827574
-0.36457918029968
-0.34347739973528
-0.32131599859155
-0.29826522353213
-0.27430559572884
-0.24925455547138
-0.22309440744064
-0.19592141725463
-0.16763835354156
-0.13800884158232
-0.10692526476067
-0.074327947196417
-0.039951024255579
-0.0034361073074752
0.035294172873959
0.075679551017072
0.11570847761586
0.15112118622785
0.17885427634333
0.20213769090475
0.2255685576241
0.24950332526608

