-0.98108766434705
-0.71972946189226
-0.88970440475792
-0.82556289424324
-0.86915023623324
-0.85914083413108
-0.87110714923245
-0.87174960789776
-0.87548692771457
-0.87639215877599
-0.87686928219396
-0.87595140850578
-0.87403819892261
-0.87088253104225
-0.86652124368302
-0.86080682586904
-0.85369257878955
-0.84501165478881
-0.83469678974651
-0.82255716473323
-0.80849242821047
-0.79224233829909
-0.77375713795545
-0.75288739102863
-0.72954952265296
-0.70359110527683
-0.67491922187418
-0.64367768178886
-0.60950210932375
-0.57300781615663
-0.53341454363898
-0.49183965308367
-0.44696611058496
-0.40099751083623
-0.35116449891454
-0.30182019502307
-0.2468500660322
-0.19622098560616
-0.13485937784603
-0.087137651572978
-0.015287591314142
0.020637035273665
0.11284227159069
0.12064885639644
0.25073981908048
0.20730068671652
0.393791696637
0.2837586548526
0.52478016743742
0.36891810631603
0.62161272184843
0.47974786905141
0.68013817866851
0.60152179855788
0.71925115171054
0.70212910037148
0.75837712784315
0.77082583506519
0.79905908422963
0.81645309362727
0.83414675606811
0.84841407823121
0.86083914125898
0.87115999392524
0.87980210546408
0.88684227285409
0.89253811662959
0.89701290844771
0.90036830096812
0.90271309956483
0.90410146321328
0.90461814485202
0.90425595680486
0.90300926154273
0.90086934521341
0.89778330187397
0.89371747423999
0.88853376305865
0.88217367657459
0.87440846592325
0.86517598076984
0.85416910570025
0.84127240434486
0.8262339007522
0.80873323951324
0.78866401515698
0.76572583662848
0.73981784403083
0.71073816504583
0.67836028570146
0.64299649683306
0.66845058374435
0.64930180912264
0.65504602103035
0.68064661238039
0.67375077267184
0.70609935573728
0.72595338615833
0.74162771461674
0.77897616407651
0.78982962830477
0.80851848377142
0.82590208518509
0.82677043608258
0.83636981659691
0.8366181763284
0.83251211759029
0.83258118462417
0.8240839918801
0.81797345592215
0.81220769246757
0.80231332055726
0.79704543543374
0.79013341173809
0.78344835709743
0.78047165069724
0.77577167102328
0.77386905061143
0.77356290426308
0.77263526849182
0.77468145435836
0.77645768772466
0.77863626280785
0.78233222106719
0.78489809790422
0.78813956163595
0.79125622597837
0.79330457649383
0.79569832932723
0.79711129226306
0.79794306798995
0.79869061509955
0.79847015393053
0.79814154187937
0.79751434395948
0.796384808499
0.79541774632012
0.79419336564217
0.79296320797614
0.79196956961216
0.79089877400906
0.79011279893773
0.78951876126943
0.7890186388399
0.78884454251069
0.78877495263048
0.78886801996246
0.78916274210557
0.78947876042281
0.7899173377377
0.79039181614535
0.79083059120187
0.79129986853022
0.79169052930802
0.79202090926808
0.79230413355046
0.79247594305888
0.79259134601482
0.79263138208959
0.79258942929581
0.79251301820758
0.79237925086858
0.79221652584144
0.79204663599367
0.79185865095586
0.79168601534929
0.79152780796108
0.79138586413175
0.79127967037238
0.79119747809849
0.79114652424928
0.79112871731817
0.7911321290752
0.79116212476972
0.79120969862926
0.79126794664095
0.7913375306277
0.79140763644791
0.79147669152728
0.79154201068418
0.79159698002603
0.79164326155746
0.79167774078844
0.79169937004489
0.79171075523455
0.79171042690547
0.79170102952401
0.79168468388099
0.79166190393294
0.79163623238783
0.79160881227268
0.79158121288065
0.79155586812034
0.79153303098121
0.79151412619583
0.79149983563896
0.79148983279322
0.79148468616634
0.79148374538766
0.79148643376323
0.7914924485205
0.79150064422352
0.79151046093694
0.79152116597601
0.79153182471133
0.79154206781246
0.79155124008053
0.79155893917793
0.79156505260986
0.79156929561501
0.79157175792466
0.79157254771708
0.79157176037916
0.79156974372359
0.79156672149738
0.79156299274578
0.79155891433652
0.79155470489232
0.79155065639723
0.79154698090345
0.79154380611381
0.7915412843037
0.79153944952316
0.79153831366614
0.79153786863765
0.7915380239226
0.79153870590245
0.79153980645035
0.7915411949734
0.79154276970199
0.79154440673725
0.79154600458412
0.79154748532076
0.79154877042755
0.7915498189665
0.79155060256931
0.79155110693099
0.79155134662536
0.79155133907907
0.7915511176598
0.79155072635778
0.79155020600113
0.79154960592179
0.79154897067713
0.79154833918341
0.79154774938837
0.79154722762636
0.79154679469565
0.79154646462119
0.79154624094182
0.79154612336645
0.79154610440252
0.79154617132093
0.79154630994106
0.79154650216181
0.79154673002491
0.7915469762941
0.7915472238729
0.79154745895814
0.79154766976777
0.79154784724569
0.79154798612411
0.79154808332664
0.79154813889715
0.79154815537005
0.79154813673369
0.79154808889412
0.79154801841199
0.79154793219158
0.7915478373898
0.79154774041584
0.79154764709883
0.79154756232991
0.79154748969389
0.79154743179299
0.79154738995038
0.79154736437555
0.7915473544322
0.79154735856233
0.79154737467631
0.79154740029376
0.7915474326551
0.79154746905754
0.79154750688608
0.79154754378363
0.79154757780096
0.7915476073637
0.79154763138625
0.79154764924634
0.79154766072835

