-0.79659072510451
-0.810530171977
-0.82278760514114
-0.83353413013797
-0.84287006056826
-0.85089225510113
-0.85767890057565
-0.86334395308209
-0.86791333667993
-0.87151075361404
-0.87412667906265
-0.87583648107767
-0.87661495096449
-0.87650525841882
-0.87545010650782
-0.87341175647565
-0.87039361307442
-0.8662425828486
-0.86092598663514
-0.85428833522326
-0.84619979988276
-0.83646829075336
-0.82491482056438
-0.81125803714695
-0.79527878916651
-0.77660327949321
-0.75493107541781
-0.72995899661977
-0.70128480831483
-0.66867451246678
-0.63170947488552
-0.5904161823284
-0.54442912770522
-0.49404840141759
-0.43943159647499
-0.38090966341533
-0.31914616773807
-0.25486040727718
-0.18881565568879
-0.12195889815823
-0.05501912916762
0.011128452673051
0.07594859460707
0.13884889517594
0.19951962336595
0.257676445248
0.31325676827474
0.36614793288381
0.41643161655033
0.46419446831524
0.50943441809666
0.55212064281928
0.59239199738143
0.63015973160109
0.66544552175588
0.69817735977532
0.72836229540653
0.7559930873133
0.78105930525352
0.80355781551134
0.82362722227641
0.8413560361217
0.85688187109934
0.8703283190732
0.88186401591973
0.89162908899481
0.89981090568621
0.90656519790022
0.91200047643415
0.91622141931897
0.91934000975631
0.9214292843023
0.9225136284166
0.92260895247861
0.92170943036912
0.91977170906818
0.91674686813924
0.9125162614665
0.90695131339875
0.89988268942009
0.89110123631653
0.88035254861098
0.86739400013112
0.85192412676714
0.83359550052293
0.81213085263757
0.78729093432411
0.758831463801
0.72659517740501
0.6905686312669
0.65092093013001
0.6583787730657
0.63272359618345
0.61580349590287
0.5983576003461
0.57111079278744
0.55222180865922
0.52759043766176
0.50510940724246
0.48537949180168
0.45701996167989
0.42719160523469
0.39539216867053
0.35826115082095
0.32125924419571
0.28019417316154
0.23593601369699
0.19022690410911
0.13992542605589
0.089090854531709
0.037949584829063
-0.014258200110371
-0.064859670355925
-0.11562586259177
-0.16555735958445
-0.21335787258759
-0.26032570919408
-0.30456468594859
-0.34663579754348
-0.38710622380406
-0.42456690063944
-0.46018015418931
-0.49312724443526
-0.52304731104919
-0.55099535226918
-0.57593896126204
-0.59859368182387
-0.61909803804567
-0.63680771533017
-0.65273884228738
-0.66647084101026
-0.6782423978422
-0.68867778546598
-0.6972609088358
-0.70465076317546
-0.71088320899098
-0.71585770001711
-0.72019295497676
-0.72360667098583
-0.72635758132616
-0.72867964140259
-0.73034751164674
-0.73175833881263
-0.73283177719781
-0.73356602341299
-0.73421463227607
-0.73458557496148
-0.73485205876967
-0.73505799615611
-0.73509703926985
-0.73515612860657
-0.73513405015015
-0.73505645879972
-0.73501425941343
-0.73489736727416
-0.73480607950721
-0.73471937446199
-0.73459475581488
-0.73451739720188
-0.73441604842599
-0.73432142605116
-0.73425744831368
-0.73416823350336
-0.73410960345127
-0.73405308037664
-0.73398921050005
-0.73395449458806
-0.73390677952656
-0.73387069807752
-0.73384693825138
-0.7338118034528
-0.73379521597113
-0.73377551867954
-0.73375531907095
-0.73374815788717
-0.73373214166727
-0.73372417168589
-0.73371899668293
-0.73370854087353
-0.73370745590058
-0.73370206033878
-0.73369774015856
-0.73369826736935
-0.73369351167625
-0.73369361668826
-0.73369315071868
-0.73369054418118
-0.7336922732869
-0.7336906959165
-0.73369048993199
-0.73369169998969
-0.73369018334067
-0.7336914103077
-0.73369141659208
-0.73369085474651
-0.73369217070993
-0.73369147122509
-0.73369192049312
-0.7336925230044
-0.73369191762615
-0.73369278169982
-0.73369264532559
-0.73369257383641
-0.73369322404411
-0.73369279993611
-0.73369317304808
-0.73369333939516
-0.73369307025814
-0.73369353241602
-0.7336933443879
-0.73369338599388
-0.73369364334823
-0.73369339024067
-0.73369362436993
-0.73369361585271
-0.733693506469
-0.73369372654279
-0.73369357488374
-0.73369363627037
-0.73369371714275
-0.7336935837576
-0.73369371802364
-0.73369366735407
-0.73369363529901
-0.73369373191232
-0.73369363595201
-0.73369368913126
-0.73369370252279
-0.73369364160502
-0.73369371396826
-0.73369366832303
-0.73369366848975
-0.73369370657627
-0.73369365411635
-0.73369369173565
-0.73369368429135
-0.73369366119029
-0.73369369758219
-0.73369366681525
-0.73369367640651
-0.733693688533
-0.73369366298942
-0.73369368634512
-0.73369367564053
-0.73369366954598
-0.73369368624653
-0.73369366825409
-0.73369367789764
-0.73369367970011
-0.73369366868195
-0.73369368173303
-0.73369367315958
-0.73369367342848
-0.73369368015004
-0.73369367065596
-0.73369367764874
-0.73369367614096
-0.73369367214187
-0.73369367875704
-0.73369367314145
-0.73369367506643
-0.73369367719548
-0.73369367264745
-0.7336936769684
-0.73369367496947
-0.733693673988
-0.73369367700592
-0.73369367375024
-0.73369367558668
-0.73369367586723
-0.73369367392586
-0.73369367631476
-0.73369367473355
-0.73369367484425
-0.73369367604066
-0.73369367432982
-0.73369367563015
-0.73369367532712
-0.73369367463402
-0.73369367583164
-0.73369367480221
-0.73369367517901
-0.73369367554586
-0.73369367473063
-0.7336936755233
-0.73369367514488
-0.73369367498421
-0.73369367552423
-0.73369367493086
-0.73369367527544

