-0.8677006925207
-0.87703785079669
-0.88475377352594
-0.89108866565788
-0.89618262073488
-0.90025100730865
-0.90325537897368
-0.90540932277074
-0.90665981399772
-0.9071473636032
-0.90673870915832
-0.90552736783171
-0.9034363432796
-0.90037752064767
-0.89638787979889
-0.89120319273942
-0.88485577060499
-0.87708632964769
-0.86778430365498
-0.85666968711695
-0.84357619330863
-0.82806179697929
-0.80997300586949
-0.78886608147819
-0.7644385432783
-0.73636998141776
-0.70419949519471
-0.66807042309585
-0.62731295892908
-0.58271852301758
-0.53363608140466
-0.48121871151256
-0.42590217732836
-0.36852947234748
-0.31030584582707
-0.25216634528004
-0.19509676389809
-0.14031203966164
-0.08813766361636
-0.039055656552244
0.0072810146673065
0.050647535369597
0.092181465915214
0.13258530225336
0.17329917610866
0.2151616189666
0.25915990997748
0.3062986777638
0.35645180508856
0.40861682146077
0.46231236871031
0.51555537376966
0.56733695157828
0.61592452465216
0.66028839363181
0.69978019653474
0.73454513408563
0.76454411882478
0.7901498035258
0.81179680926665
0.83019128531031
0.84558940112211
0.85861138272871
0.86938635796279
0.87845124714834
0.88592230397911
0.8920412329724
0.89696765351931
0.90079140665005
0.90369329216092
0.90567399853935
0.906812599889
0.90712407221487
0.90658758156629
0.90521279104725
0.9029613833755
0.89979942602586
0.89554340304268
0.89028342122954
0.88365274212905
0.87568868350883
0.866078265969
0.85463127849341
0.84114586954452
0.82517276146132
0.80663200027678
0.78498844013089
0.7599448162128
0.7312832804517
0.69835090547773
0.66154439152354
0.68037970029543
0.71012215346801
0.72858392884996
0.77426460182365
0.82867465004275
0.86691224097449
0.89943561517467
0.91250052939364
0.90209617199602
0.8886018537307
0.87509373808587
0.84952793415167
0.82027611983418
0.79905506869318
0.78168985414855
0.77109666647038
0.77322670918971
0.78082814867991
0.79299550320578
0.81526562114752
0.8392082417585
0.85669374172775
0.86946060861668
0.87581530568629
0.87455699933621
0.86954118641318
0.8610207086307
0.84808229132883
0.83507865628038
0.82519349879754
0.8175853692554
0.81323730025299
0.81339618012431
0.81675080303614
0.82306210042318
0.83213025565279
0.84109915093613
0.84814693459706
0.85339384665767
0.8561205156806
0.85591599823662
0.85357823652999
0.84946050154482
0.84405657935456
0.83879707492285
0.83449332223289
0.83122018062289
0.82948012823769
0.82956997092607
0.83113462136897
0.83390530481101
0.83745082835391
0.84092375877807
0.84382124664057
0.84596516057151
0.84703630169673
0.84693114239265
0.84588414539619
0.8441133470538
0.84192612957528
0.83977757785801
0.83795199950584
0.83660604435911
0.83594031593706
0.83601329034211
0.83669950874942
0.83785367745557
0.83926701259639
0.84066453354239
0.84185619984675
0.84271557202044
0.84312456220716
0.84306434989242
0.84261524255763
0.84187705169504
0.84098526120288
0.84010138359426
0.83934544510166
0.83880545264366
0.83855190857142
0.83859425271023
0.83888640120404
0.83936372768376
0.83993783582917
0.84050765218379
0.84099341198295
0.84133524846346
0.84149201429385
0.84146088113887
0.84127074987267
0.84096428077075
0.8405983762558
0.84023558005658
0.8399271036253
0.83971182582899
0.83961435382934
0.83963612936709
0.83975973731717
0.83995749446156
0.84019255793702
0.8404252042408
0.84062211350456
0.84075818807281
0.84081872055112
0.84080327100772
0.84072287869394
0.84059566563938
0.84044533414319
0.8402969509424
0.84017183558851
0.84008595695592
0.84004828812349
0.84005905601849
0.84011132691931
0.84019331674907
0.8402897504544
0.8403846540115
0.8404643289098
0.84051861665854
0.84054202307206
0.84053450050405
0.84050051996568
0.84044775785179
0.84038602145704
0.84032545837569
0.8402748097534
0.84024051197923
0.84022596750376
0.84023117513864
0.84025325674662
0.84028723172909
0.84032680162012
0.8403654937166
0.84039772040092
0.84041940070023
0.84042842426598
0.84042482805182
0.84041048504516
0.84038862443184
0.84036328388788
0.84033858742986
0.84031809716356
0.84030439755843
0.8402988035946
0.84030127154265
0.84031058399256
0.84032465240893
0.84034088796786
0.8403566580934
0.84036969036533
0.84037834753531
0.84038181028313
0.84038012283144
0.84037407920805
0.84036502895831
0.84035463086683
0.84034456490832
0.84033627903584
0.84033080989532
0.84032866871683
0.84032981713153
0.84033373788682
0.84033956007554
0.84034622059629
0.84035264645917
0.8403579149167
0.84036136960685
0.84036269171876
0.84036191286027
0.84035937022423
0.84035562551037
0.84035135993574
0.84034725872339
0.84034390955236
0.84034172787513
0.84034091255192
0.84034143889449
0.84034308729882
0.84034549571377
0.84034822755607
0.84035084509804
0.8403529740868
0.84035435158437
0.84035485363048
0.84035449897771
0.8403534306338
0.8403518818907
0.84035013253492
0.84034846215931
0.84034710901352
0.84034623947588
0.84034593079587
0.84034616909476
0.84034686130716
0.84034785715439
0.84034897732282
0.84035004321524
0.84035090318025
0.84035145195232

