-0.9653427561414
-0.82001280581395
-0.88663666265574
-0.8768408244766
-0.88786852804875
-0.89115629338964
-0.89504797310602
-0.89737727468339
-0.89878674373198
-0.89915207460858
-0.89853622866468
-0.89687478838431
-0.89424512338214
-0.89049819866341
-0.88556398919237
-0.87941689719928
-0.87186581784735
-0.8627861353049
-0.85203482978922
-0.83949850145324
-0.82488252261131
-0.80805198522194
-0.78875825544764
-0.76697038412901
-0.74243487391123
-0.71506073876979
-0.68475298788046
-0.65154458842487
-0.61532198709426
-0.5762201287906
-0.53467920535268
-0.49001368510693
-0.44342005373812
-0.39418492194029
-0.3436197094973
-0.29051195947157
-0.23712733662367
-0.18119914206678
-0.1261635571369
-0.068180128258002
-0.013378909235564
0.046178176133439
0.098717820936405
0.1601576277694
0.20745449062064
0.27183707830984
0.31061972017092
0.37890900511906
0.40661599628694
0.47864473900023
0.49550891804709
0.56711244649049
0.5781255833098
0.64179616305785
0.65358428448787
0.7031816492323
0.71911146018638
0.75398360368732
0.77217224797672
0.79604335982883
0.8130564357446
0.8299505190934
0.84368923763341
0.85594741139625
0.86616569305698
0.87478834387112
0.88188012709532
0.88766839450402
0.89214921434946
0.89545369236612
0.89771049795637
0.89891535788244
0.89910264238321
0.89830984702545
0.89651983928376
0.89365585459807
0.88972665722605
0.8846334974949
0.87823451212855
0.87048460143381
0.86111880013945
0.85009177784983
0.83719157728249
0.82223796092807
0.80495473470883
0.78528243809925
0.76309872709226
0.7379938090676
0.71013877707027
0.67936963479151
0.64559335484635
0.67766545827722
0.65081104636225
0.68367918555448
0.64603747602244
0.69215186751883
0.65095211659763
0.7018213008956
0.64918279253803
0.74117291894354
0.67930994215125
0.77258168831887
0.688908891284
0.79404244999042
0.70086459406068
0.80713279328332
0.69947716220302
0.82317563005203
0.70684241705221
0.8284582666963
0.69510674820163
0.82833945423906
0.68489098282208
0.82659449827894
0.66349834115701
0.82750273693077
0.6450385583762
0.82694310276699
0.61028276354852
0.82799170403202
0.57089949662358
0.83234637221229
0.50725388474502
0.83982588706413
0.41451369592883
0.84888110035673
0.24007513776182
0.85844377484708
-0.081668176838264
0.86581988700768
-0.5866841942665
0.8702017468159
-0.9011371645293
0.89468351715224
-0.96461827562052
0.91522629519639
-0.97554453835003
0.92806943601364
-0.97745573906574
0.94268670698641
-0.96653818425959
0.9521554633604
-0.95428617091074
0.95393900306357
-0.95077711372481
0.95348615411786
-0.95018574086038
0.95313620185591
-0.95020523036689
0.95238616301232
-0.95068402180743
0.95163545367837
-0.95129201928461
0.95137414190853
-0.95149353696388
0.95135524543652
-0.95153623167497
0.95135899296211
-0.95152966982287
0.95139054843602
-0.95150269777731
0.95143692701067
-0.95146863080771
0.95145883591823
-0.95145645706459
0.95146279454641
-0.9514530903218
0.95146330452402
-0.95145340866374
0.95146213823412
-0.95145499028038
0.95145954786881
-0.95145707083173
0.95145802295533
-0.95145785593289
0.95145762151867
-0.95145811689061
0.95145754981012
-0.95145811974672
0.95145758590781
-0.95145803527571
0.95145772598467
-0.95145790564822
0.95145782340338
-0.95145785296513
0.95145785646947
-0.95145783323807
0.9514578635514
-0.95145783129213
0.95145786316593
-0.95145783519039
0.95145785563685
-0.95145784312004
0.95145784966771
-0.95145784667022
0.95145784720512
-0.95145784813517
0.95145784659385
-0.95145784836814
0.95145784650499
-0.95145784822643
0.95145784690717
-0.95145784775594
0.95145784726481
-0.95145784752127
0.95145784743831
-0.95145784741442
0.95145784748671
-0.95145784739303
0.95145784749966
-0.95145784739526
0.95145784747862
-0.95145784742233
0.95145784745757
-0.95145784743741
0.95145784744574
-0.95145784744503
0.95145784744214
-0.9514578474468
0.95145784744084
-0.95145784744707
0.9514578474419
-0.95145784744555
0.95145784744311
-0.95145784744461
0.9514578474439
-0.95145784744408
0.95145784744416
-0.95145784744395
0.95145784744427
-0.9514578474439
0.95145784744422
-0.95145784744399
0.95145784744415
-0.95145784744404
0.9514578474441
-0.95145784744408
0.95145784744408
-0.95145784744409
0.95145784744407
-0.95145784744409
0.95145784744408
-0.95145784744409
0.95145784744408
-0.95145784744409
0.95145784744408
-0.95145784744408
0.95145784744408
-0.95145784744408
0.95145784744408
-0.95145784744408
0.95145784744408
-0.95145784744408
0.95145784744408
-0.95145784744408
0.95145784744408
-0.95145784744408
0.95145784744408
-0.95145784744408
0.95145784744408
-0.95145784744408
0.95145784744408
-0.95145784744408
0.95145784744408
-0.95145784744408
0.95145784744408
-0.95145784744408
0.95145784744408
-0.95145784744408
0.95145784744408
-0.95145784744408
0.95145784744408
-0.95145784744408
0.95145784744408
-0.95145784744408
0.95145784744408
-0.95145784744408
0.95145784744408
-0.95145784744408
0.95145784744408
-0.95145784744408
0.95145784744408
-0.95145784744408
0.95145784744408
-0.95145784744408
0.95145784744408
-0.95145784744408
0.95145784744408
-0.95145784744408
0.95145784744408

