0.0500
0.0998
0.1494
0.1987
0.2474
0.2955
0.3429
0.3894
0.4350
0.4794
0.5227
0.5646
0.6052
0.6442
0.6816
0.7174
0.7513
0.7833
0.8134
0.8415
0.8674
0.8912
0.9128
0.9320
0.9490
0.9636
0.9757
0.9854
0.9927
0.9975
0.9998
0.9996
0.9969
0.9917
0.9840
0.9738
0.9613
0.9463
0.9290
0.9093
0.8874
0.8632
0.8369
0.8085
0.7781
0.7457
0.7115
0.6755
0.6378
0.5985
0.5577
0.5155
0.4720
0.4274
0.3817
0.3350
0.2875
0.2392
0.1904
0.1411
0.0915
0.0416
-0.0084
-0.0584
-0.1082
-0.1577
-0.2069
-0.2555
-0.3035
-0.3508
-0.3971
-0.4425
-0.4868
-0.5298
-0.5716
-0.6119
-0.6506
-0.6878
-0.7232
-0.7568
-0.7885
-0.8183
-0.8460
-0.8716
-0.8950
-0.9162
-0.9351
-0.9516
-0.9658
-0.9775
-0.9868
-0.9937
-0.9981
-0.9999
-0.9993
-0.9962
-0.9905
-0.9825
-0.9719
-0.9589
-0.9435
-0.9258
-0.9058
-0.8835
-0.8589
-0.8323
-0.8035
-0.7728
-0.7401
-0.7055
-0.6692
-0.6313
-0.5917
-0.5507
-0.5083
-0.4646
-0.4198
-0.3739
-0.3271
-0.2794
-0.2311
-0.1822
-0.1328
-0.0831
-0.0332
0.0168
0.0668
0.1165
0.1660
0.2151
0.2637
0.3115
0.3586
0.4048
0.4500
0.4941
0.5369
0.5784
0.6185
0.6570
0.6938
0.7290
0.7623
0.7937
0.8231
0.8504
0.8757
0.8987
0.9195
0.9380
0.9542
0.9679
0.9793
0.9882
0.9946
0.9985
1.0000
0.9989
0.9954
0.9894
0.9808
0.9699
0.9565
0.9407
0.9226
0.9022
0.8795
0.8546
0.8276
0.7985
0.7674
0.7344
0.6996
0.6630
0.6247
0.5849
0.5436
0.5010
0.4571
0.4121
0.3661
0.3191
0.2713
0.2229
0.1739
0.1245
0.0747
0.0248
-0.0252
-0.0752
-0.1249
-0.1743
-0.2233
-0.2718
-0.3195
-0.3665
-0.4125
-0.4575
-0.5014
-0.5440
