-0.5853
-0.6251
-0.6633
-0.6999
-0.7347
-0.7677
-0.7988
-0.8278
-0.8548
-0.8797
-0.9024
-0.9228
-0.9409
-0.9566
-0.9700
-0.9809
-0.9894
-0.9954
-0.9990
-1.0000
-0.9985
-0.9946
-0.9881
-0.9792
-0.9678
-0.9540
-0.9378
-0.9193
-0.8985
-0.8755
-0.8502
-0.8228
-0.7934
-0.7620
-0.7287
-0.6935
-0.6567
-0.6181
-0.5781
-0.5366
-0.4937
-0.4496
-0.4044
-0.3582
-0.3111
-0.2632
-0.2147
-0.1656
-0.1161
-0.0663
-0.0164
0.0336
0.0835
0.1332
0.1826
0.2315
0.2798
0.3275
0.3743
0.4202
0.4650
0.5087
0.5511
0.5921
0.6316
0.6696
0.7059
0.7404
0.7730
0.8038
0.8325
0.8592
0.8837
0.9060
0.9260
0.9437
0.9591
0.9720
0.9825
0.9906
0.9962
0.9993
0.9999
0.9980
0.9936
0.9868
0.9774
0.9657
0.9515
0.9349
0.9160
0.8948
0.8714
0.8457
0.8180
0.7883
0.7565
0.7229
0.6874
0.6503
